[[0.368093566,0.1542135702,0.2364194981,0.2412733657],[0.3413972942,0.1815294847,0.1577765155,0.3192967056],[0.5701745327,0.0580398637,0.1558401322,0.2159454714],[0.2345347516,0.0813797377,0.057420221,0.6266652897],[0.1757719715,0.2956728287,0.233915109,0.2946400909],[0.0066095218,0.3175668698,0.6703500981,0.0054735103],[0.0005163689,0.9988639884,0.0002065476,0.0004130951],[0.0,0.9998967262,0.0,0.0001032738],[0.0003098213,0.2015904162,0.0095011876,0.7885985748],[0.0554580192,0.4244552308,0.4620468863,0.0580398637],[0.6294536817,0.0829288444,0.2825570588,0.0050604152],[0.0809666426,0.0060931529,0.9083961582,0.0045440463],[0.0100175565,0.0081586285,0.9728389962,0.0089848188],[0.0363781886,0.4859289476,0.4226221212,0.0550707425],[0.2010740473,0.3142621089,0.2612826603,0.2233811835]]