[[0.4443690638,0.1472184532,0.0943012212,0.3141112619],[0.4430122117,0.1268656716,0.0373134328,0.3928086839],[0.5251017639,0.0298507463,0.0284938942,0.4165535957],[0.4423337856,0.0474898236,0.0637720488,0.4464043419],[0.2550881954,0.1411126187,0.0990502035,0.5047489824],[0.2483039349,0.2008141113,0.1696065129,0.381275441],[0.3785617368,0.2985074627,0.2306648575,0.092265943],[0.3446404342,0.34192673,0.196743555,0.1166892809],[0.0474898236,0.4979647218,0.3270013569,0.1275440977],[0.0,0.2550881954,0.0,0.7449118046],[0.9986431479,0.0013568521,0.0,0.0],[1.0,0.0,0.0,0.0],[0.0,0.0,0.0,1.0],[0.0,0.0,0.0013568521,0.9986431479],[0.8629579376,0.0,0.1370420624,0.0],[0.105834464,0.6092265943,0.2469470828,0.0379918589],[0.1628222524,0.4884667571,0.1519674355,0.196743555],[0.2394843962,0.3873812754,0.1852103121,0.1879240163]]