[[0.3551619989,0.2437946183,0.1985447556,0.2024986271],[0.5468973092,0.0834157057,0.2102690829,0.1594179023],[0.8963207029,0.0051619989,0.0542559033,0.0442613948],[0.9628775398,0.0010982976,0.0040637013,0.0319604613],[0.0,0.9994508512,0.0004393191,0.0001098298],[0.1241076332,0.8039538715,0.0036243822,0.0683141131],[0.1044481054,0.0083470621,0.767929709,0.1192751236],[0.0006589786,0.0003294893,0.9990115321,0.0],[0.1420098847,0.0300933553,0.004173531,0.823723229],[0.1948380011,0.1097199341,0.0129599121,0.6824821527],[0.3611202636,0.1129049973,0.0823723229,0.4436024163],[0.4784184514,0.0620538166,0.1752883031,0.2842394289],[0.5961559583,0.0340472268,0.1459637562,0.2238330588],[0.0131795717,0.9445359692,0.0150466776,0.0272377814],[0.2241625481,0.4596375618,0.1349807798,0.1812191104],[0.3401427787,0.0743547501,0.4367929709,0.1487095003],[0.0154859967,0.0788577705,0.8933552993,0.0123009336],[0.2338275673,0.166501922,0.1141131247,0.4855573861],[0.2302855574,0.2115046678,0.1419824272,0.4162273476]]