[[0.2595190381,0.1993987976,0.3426853707,0.1983967936],[0.2625250501,0.3296593186,0.2054108216,0.2024048096],[0.4158316633,0.0330661323,0.1893787575,0.3617234469],[0.0731462926,0.001002004,0.9078156313,0.0180360721],[0.003006012,0.004008016,0.9889779559,0.004008016],[0.006012024,0.0080160321,0.9849699399,0.001002004],[0.1563126253,0.3036072144,0.003006012,0.5370741483],[0.0210420842,0.0080160321,0.9599198397,0.0110220441],[0.0210420842,0.0250501002,0.3176352705,0.6362725451],[0.0410821643,0.0160320641,0.9138276553,0.0290581162],[0.2214428858,0.0621242485,0.5891783567,0.127254509],[0.0901803607,0.6643286573,0.0921843687,0.1533066132],[0.250501002,0.3537074148,0.1032064128,0.2925851703]]