[[0.19,0.311,0.279,0.22],[0.159,0.394,0.208,0.239],[0.232,0.312,0.264,0.192],[0.103,0.495,0.238,0.164],[0.054,0.161,0.036,0.749],[0.083,0.003,0.914,0.0],[0.007,0.987,0.006,0.0],[0.007,0.002,0.988,0.003],[0.0,1.0,0.0,0.0],[0.985,0.001,0.013,0.001],[0.078,0.133,0.327,0.462],[0.026,0.042,0.913,0.019],[0.041,0.854,0.009,0.096],[0.03,0.064,0.753,0.153],[0.006,0.778,0.034,0.182],[0.471,0.201,0.21,0.118]]