[[0.3010967099,0.1734795613,0.3728813559,0.1525423729],[0.3020937188,0.0837487537,0.405782652,0.2083748754],[0.4396809571,0.0209371884,0.4466600199,0.0927218345],[0.0049850449,0.9750747757,0.0049850449,0.0149551346],[0.7228315055,0.0957128614,0.1056829511,0.075772682],[0.3499501496,0.0119641077,0.1316051844,0.5064805583],[0.000997009,0.0,0.999002991,0.0],[0.1076769691,0.3828514457,0.0029910269,0.5064805583],[0.1385842473,0.4277168495,0.1296111665,0.3040877368],[0.0159521436,0.7318045862,0.185443669,0.0667996012],[0.5084745763,0.2003988036,0.0428713858,0.2482552343],[0.2352941176,0.0558325025,0.591226321,0.1176470588],[0.4646061815,0.0049850449,0.4037886341,0.1266201396],[0.0,0.999002991,0.0,0.000997009],[0.5523429711,0.1405782652,0.0149551346,0.2921236291],[0.0837487537,0.1016949153,0.0847457627,0.7298105683],[0.0119641077,0.0029910269,0.9830508475,0.0019940179],[0.0717846461,0.4775672981,0.0159521436,0.4346959123],[0.2163509472,0.3639082752,0.0977068794,0.3220338983]]