[[0.3644344982,0.1761060423,0.2127732828,0.2466861766],[0.603718368,0.1520055087,0.127904975,0.1163711482],[0.2563263901,0.0318471338,0.0456188673,0.6662076089],[0.2453090033,0.3635737648,0.347391978,0.0437252539],[0.9662592529,0.0056808401,0.00361508,0.024444827],[0.9048028921,0.0049922534,0.0091237735,0.0810810811],[0.0313306938,0.0065415734,0.0469960406,0.9151316922],[0.0039593734,0.0049922534,0.1296264417,0.8614219315],[0.1132725082,0.101910828,0.448269926,0.3365467378],[0.00103288,0.8844895851,0.0013771734,0.1131003615],[0.9882940265,0.0027543467,0.0017214667,0.0072301601],[0.0003442933,0.0025822,0.9624720262,0.0346014805],[0.0012050267,0.0034429334,0.0034429334,0.9919091066],[0.024444827,0.3961094853,0.3942158719,0.1852298158],[0.7200895163,0.00309864,0.0065415734,0.2702702703],[0.0564210708,0.1447323119,0.1598812188,0.6389653985],[0.3117145808,0.1621191255,0.2695386469,0.2566276468]]