[[0.3680981595,0.1687116564,0.2494887526,0.2137014315],[0.263803681,0.0705521472,0.6145194274,0.0511247444],[0.1042944785,0.0040899796,0.663599182,0.2280163599],[0.13599182,0.0010224949,0.8588957055,0.0040899796],[0.0030674847,0.0020449898,0.9918200409,0.0030674847],[0.0030674847,0.0030674847,0.9938650307,0.0],[0.0572597137,0.881390593,0.0010224949,0.0603271984],[0.0112474438,0.0,0.981595092,0.0071574642],[0.0030674847,0.0020449898,0.8077709611,0.1871165644],[0.145194274,0.0040899796,0.8333333333,0.0173824131],[0.0736196319,0.027607362,0.8568507157,0.0419222904],[0.0470347648,0.854805726,0.0204498978,0.0777096115],[0.063394683,0.4826175869,0.1482617587,0.3057259714],[0.2566462168,0.1145194274,0.2566462168,0.3721881391],[0.1881390593,0.2259713701,0.4754601227,0.1104294479],[0.2167689162,0.2044989775,0.4775051125,0.1012269939],[0.2075664622,0.2024539877,0.4713701431,0.118609407],[0.1503067485,0.2341513292,0.4979550102,0.1175869121],[0.1983640082,0.1717791411,0.4785276074,0.1513292434],[0.1799591002,0.1901840491,0.4969325153,0.1329243354],[0.1748466258,0.2075664622,0.5245398773,0.0930470348]]