[[0.1526104418,0.3353413655,0.3935742972,0.1184738956],[0.171686747,0.296184739,0.4588353414,0.0732931727],[0.1385542169,0.3072289157,0.4628514056,0.0913654618],[0.093373494,0.2399598394,0.5240963855,0.1425702811],[0.1586345382,0.297188755,0.421686747,0.1224899598],[0.3574297189,0.1767068273,0.2921686747,0.1736947791],[0.2560240964,0.0883534137,0.6234939759,0.0321285141],[0.0963855422,0.0020080321,0.6967871486,0.2048192771],[0.1315261044,0.0010040161,0.8644578313,0.0030120482],[0.0050200803,0.0060240964,0.9869477912,0.0020080321],[0.0010040161,0.0050200803,0.9909638554,0.0030120482],[0.016064257,0.9618473896,0.0,0.0220883534],[0.0030120482,0.0010040161,0.9919678715,0.0040160643],[0.0040160643,0.0050200803,0.875502008,0.1154618474],[0.1967871486,0.0040160643,0.7891566265,0.0100401606],[0.016064257,0.0200803213,0.953815261,0.0100401606],[0.0281124498,0.9116465863,0.0090361446,0.0512048193],[0.0331325301,0.6004016064,0.0823293173,0.2841365462],[0.2168674699,0.0873493976,0.1365461847,0.5592369478]]