[[0.1981995728,0.3412165599,0.1703285525,0.2902553148],[0.4953209236,0.0210049842,0.4555487743,0.0281253179],[0.119418167,0.8654256942,0.0123080053,0.0028481335],[0.9913538806,0.001932662,0.0064083003,0.0003051572],[0.0006103143,0.0009154715,0.0005085953,0.997965619],[0.0790357034,0.0012206286,0.0150544197,0.9046892483],[0.0046790764,0.980469942,0.0081375242,0.0067134574],[0.0073237717,0.865018818,0.0084426813,0.1192147289],[0.3666971824,0.0569626691,0.1422032347,0.4341369138],[0.2605024921,0.275963788,0.2218492524,0.2416844675],[0.4017902553,0.0780185129,0.4283389279,0.0918523039],[0.2116773472,0.6541552233,0.0927677754,0.0413996542],[0.7820160716,0.0734411555,0.0832061845,0.0613365883],[0.0872749466,0.0847319703,0.0512664022,0.7767266809],[0.2079137422,0.0824941512,0.0936832469,0.6159088597],[0.0935815278,0.7461092463,0.056759231,0.1035499949],[0.0841470857,0.6694385108,0.0579035703,0.1885108331],[0.3375292442,0.1678618655,0.1784406469,0.3161682433]]